38.71303	1.792096	4.629182	47.65383	2.277273
39.58429	3.391095	8.566769	132.4696	5.718604
33.62715	2.606339	7.750698	202.9997	8.304426
34.95301	2.796462	8.000634	315.7254	12.69933
33.74427	2.434148	7.213515	410.9026	16.06112
32.21146	2.289737	7.108454	511.5642	20.01712
31.19169	2.168286	6.951486	617.3637	24.06694
29.92984	2.051912	6.855742	718.7227	27.87476
29.48569	1.986603	6.737516	823.9352	31.8075
28.15799	1.903675	6.760693	939.6261	35.7521
28.01265	1.946658	6.949212	1024.374	39.92236
26.64503	1.824789	6.848515	1130.387	43.29713
25.80279	1.714714	6.645459	1297.261	48.67753
25.27551	1.604164	6.346712	1348.586	52.45202
24.67571	1.590656	6.446242	1486.88	56.39056
24.12249	1.555951	6.450212	1592.823	61.97883
23.27714	1.581619	6.79473	1740.333	65.36261
23.22274	1.339209	5.766798	1783.259	68.2112
23.38431	1.396309	5.971134	1884.837	76.92012
22.44926	1.614795	7.193088	2030.234	75.19035
22.43772	1.637233	7.296791	2208.621	79.89183
23.14426	1.525995	6.593407	2190.446	83.9434
23.66724	1.359785	5.745433	2466.753	85.02646
23.97465	1.628264	6.791607	2398.455	96.4
21.52106	1.309266	6.08365	2575.327	94.02527
22.01784	1.181717	5.367089	2861.471	109.2116
23.1093	1.139601	4.931353	2454.101	106.4878
21.63265	1.413994	6.536388	2704.273	108.4796
20.59453	1.062228	5.157814	2744.437	98.8023
21.51515	1.627706	7.565392	2738.795	103.4961
19.38678	1.075269	5.546403	2704.459	111.3102
19.0072	1.401749	7.374831	3179.222	217.4362
19.33962	1.457976	7.538803	2678.642	121.8538
22.59284	1.462373	6.472727	3832.061	172.3687
19.06067	1.506849	7.905544	3187.048	109.5959
16.89068	1.276882	7.559682	3239.823	128.4194
23.59327	0.9304386	3.943662	3776.803	125.4098
17.87281	1.096491	6.134969	3450.427	165.0625
18.67746	1.052632	5.635838	3659.253	124
21.66667	1.5	6.923077	3717.653	137.3467
23.53852	1.200155	5.098684	4385.159	258.8254
18.15981	1.331719	7.333333	4019.186	141.7966
13.17829	0.8159935	6.19195	3831.456	142.1579
19.94949	1.161616	5.822785	2327.244	118.2889
17.77778	0.3584229	2.016129	2237.161	106
27.25753	0.1672241	0.6134969	3859.923	144.1538
17.55319	0.4654255	2.651515	2729.656	155.875
19.6875	1.979167	10.05291	4351.2	130.8
20.04802	0.240096	1.197605	9096.235	278.4706
22.875	0.625	2.73224	3550	123.4375
23.22775	0.7541478	3.246753	2174.692	107.6923
22.63314	2.810651	12.4183	4652.154	155.3077
21.06918	1.257862	5.970149	3405.167	151.5833
33.67003	2.188552	6.5	4042.818	258
29.88636	1.363636	4.562738	5703.5	219.625
59.18367	4.081633	6.896552	3792.714	296.1429
49.7076	0	0	7954.333	206.6667
32.18391	1.724138	5.357143	2597	64
2.824859	0	0	8478.333	540.3333
15.55556	0	0	5735	143.6667
60.65574	1.639344	2.702703	5786	256
44.35484	0	0	1558.5	112.5
4.761905	0	0	14895.5	388.5
NaN	NaN	NaN	NaN	NaN
9.230769	0	0	15263	81
NaN	NaN	NaN	NaN	NaN
24.37811	0	0	911.3333	142.6667
NaN	NaN	NaN	NaN	NaN
NaN	NaN	NaN	NaN	NaN
NaN	NaN	NaN	NaN	NaN
NaN	NaN	NaN	NaN	NaN
NaN	NaN	NaN	NaN	NaN
NaN	NaN	NaN	NaN	NaN
22.97297	0	0	380	242
NaN	NaN	NaN	NaN	NaN
3.947368	0	0	57	35
